0
0.938325 0.315908 -0.141562 95.4286
-0.331864 0.937227 -0.108479 178.207
0.112056 0.148673 0.984006 0.89368
0.149068 -0.0996289 -0.324728 1
1
0.944397 0.308405 -0.114571 106.835
-0.314893 0.9482 -0.0433122 185.878
0.101691 0.0769432 0.992479 0.893926
0.0769841 -0.0956677 -0.314287 1
2
0.960535 0.252013 -0.118071 108.226
-0.259222 0.964553 -0.0501307 188.059
0.106066 0.0787301 0.991747 0.881934
0.0787783 -0.101703 -0.255434 1
3
0.967744 0.21612 -0.129705 108.952
-0.223564 0.973639 -0.0457684 188.564
0.119334 0.0732641 0.990505 0.90095
0.0733017 -0.116929 -0.218329 1
4
0.966241 0.22455 -0.126694 112.838
-0.237196 0.966794 -0.0956084 192.876
0.107551 0.122394 0.987342 0.915626
0.122623 -0.101913 -0.228053 1
5
0.970592 0.214777 -0.10898 115.377
-0.223205 0.972127 -0.0721059 188.979
0.0955126 0.0942898 0.991433 0.908366
0.0943909 -0.090956 -0.217341 1
6
0.970592 0.214777 -0.10898 115.377
-0.223205 0.972127 -0.0721059 188.979
0.0955126 0.0942898 0.991433 0.908366
0.0943909 -0.090956 -0.217341 1
7
0.974234 0.189493 -0.122554 114.008
-0.20181 0.974592 -0.0974768 190.054
0.105616 0.119672 0.987678 0.944238
0.119895 -0.101834 -0.191924 1
8
0.983273 0.153039 -0.098888 115.154
-0.163842 0.980072 -0.112455 190.207
0.0839038 0.126765 0.988733 0.940872
0.127059 -0.0804211 -0.154838 1
9
0.974292 0.202273 -0.09948 117.997
-0.214301 0.968023 -0.130671 189.225
0.078676 0.148611 0.986437 0.954575
0.149086 -0.0706957 -0.205878 1
10
0.986603 0.137314 -0.0881826 117.997
-0.147393 0.981731 -0.120429 189.225
0.0740751 0.131806 0.988805 0.966337
0.132149 -0.0706957 -0.138921 1
11
0.986603 0.137314 -0.0881826 117.997
-0.147393 0.981731 -0.120429 189.225
0.0740751 0.131806 0.988805 0.966337
0.132149 -0.0706957 -0.138921 1
12
0.990063 0.129479 -0.0549194 122.288
-0.133899 0.987225 -0.0863947 189.885
0.0467669 0.0928881 0.994747 0.990485
0.0930104 -0.0432284 -0.130393 1
13
0.98878 0.139749 -0.0528146 123.024
-0.143277 0.987187 -0.0702785 192.192
0.0458028 0.0770556 0.996129 0.984146
0.0771235 -0.0424524 -0.140612 1
